0.0026818 0.0257140 0.0025769 0.0365812 -0.0016961 0.0061172 0.0008280 0.0182418 0.0251122 0.0038225 0.0095829 0.0080126 -0.0070295 -0.0062765 0.0076774 0.0083536 0.0291519 0.0068029 0.0322136 0.0036103 -0.0010990 0.0023465 0.0366262 -0.0062193 -0.0127594 0.0432496 0.0062158 0.0199831 -0.0035955 0.0352126 -0.0221383 0.0244656 -0.0031155 0.0145324 0.0197577 0.0047847 -0.0069253 
0.0104575 0.0054841 -0.0046509 0.0075098 0.0149166 0.0300012 -0.0094869 0.0158810 -0.0077192 -0.0095686 0.0009334 0.0045723 0.0065291 0.0088262 -0.0116377 0.0041001 0.0098815 0.0060408 0.0301789 0.0127189 -0.0169171 0.0124479 0.0155331 0.0176351 0.0269660 0.0269250 0.0008457 0.0105656 -0.0129204 0.0214870 0.0053375 0.0089887 0.0043555 0.0019995 -0.0012686 0.0303933 0.0267926 
0.0180778 0.0009954 0.0151641 -0.0094838 0.0148022 0.0012923 0.0084903 -0.0163631 0.0123941 0.0033602 0.0080379 -0.0071603 0.0036956 0.0020435 0.0223211 0.0333757 0.0027421 0.0060854 0.0329257 0.0554086 -0.0309945 0.0039336 0.0017927 0.0201047 0.0163484 0.0174776 0.0180820 0.0046053 0.0254206 -0.0122183 0.0148719 0.0372028 0.0085717 0.0052344 0.0016287 0.0087585 -0.0018269 
0.0271147 0.0105326 0.0115124 0.0006283 -0.0154730 0.0268832 -0.0033527 -0.0113291 0.0354375 -0.0120617 0.0264869 0.0022131 0.0114608 0.0039665 0.0166564 0.0017186 0.0181473 -0.0387727 0.0066473 0.0231580 0.0120798 0.0133480 0.0082492 0.0121453 0.0079556 -0.0069723 0.0151014 0.0214019 -0.0107609 0.0283117 0.0028189 0.0137402 0.0015119 0.0228113 0.0193648 0.0049350 0.0069802 
0.0144262 0.0140380 0.0122699 -0.0282966 0.0114069 0.0046846 0.0079264 0.0138346 0.0039883 -0.0037730 0.0221771 -0.0015703 -0.0267858 0.0134343 0.0078577 0.0316758 0.0058607 -0.0138282 0.0071940 0.0023830 -0.0159046 0.0234592 0.0008977 0.0188376 0.0253748 -0.0235941 0.0197840 0.0072094 0.0054385 0.0252622 0.0014674 0.0269863 0.0115385 -0.0028740 -0.0032661 0.0088933 -0.0036831 
0.0000268 -0.0003412 0.0067630 0.0085199 0.0208962 0.0207812 0.0010478 -0.0045849 -0.0062533 -0.0142060 0.0359183 0.0320989 0.0252742 -0.0153120 -0.0146852 0.0013985 0.0009510 0.0065496 0.0255914 0.0343202 0.0038200 0.0112655 0.0137636 -0.0246103 0.0198179 0.0142875 0.0094502 0.0094148 -0.0066650 0.0117159 0.0040320 -0.0131419 0.0030081 0.0221130 -0.0349477 0.0249777 0.0088088 
0.0149473 0.0129255 -0.0063460 0.0135855 -0.0276940 -0.0076284 0.0117356 -0.0027973 0.0070046 0.0000962 0.0011733 0.0211916 -0.0254339 0.0153266 -0.0006244 0.0099527 0.0212911 0.0034172 0.0009788 0.0141983 -0.0033033 -0.0338977 0.0065073 -0.0056509 0.0050046 0.0070547 0.0189307 -0.0032714 0.0071075 0.0289071 0.0361167 0.0010729 0.0072928 0.0104140 -0.0502803 0.0078406 -0.0038596 
-0.0169873 0.0363532 0.0302233 0.0001177 0.0004338 0.0000925 0.0172020 -0.0138872 0.0260629 0.0112452 0.0013569 0.0082319 -0.0055484 0.0001974 0.0144450 0.0111280 0.0411361 0.0045217 -0.0131783 0.0172763 -0.0412159 -0.0016549 0.0097702 0.0262765 0.0068101 0.0246144 0.0358468 0.0145626 0.0007189 0.0203148 -0.0289142 -0.0014841 -0.0133809 0.0020633 0.0065459 0.0088510 0.0031021 
0.0272699 -0.0124798 0.0043196 0.0161382 0.0031318 0.0016463 0.0001609 0.0075010 0.0038914 0.0192383 0.0103113 -0.0204629 -0.0105505 0.0004021 0.0089832 -0.0057483 0.0079681 0.0047499 -0.0136881 0.0036319 0.0174000 0.0081038 -0.0103720 0.0014095 0.0027336 0.0252908 0.0297632 0.0226262 0.0044948 -0.0027019 0.0143621 0.0079896 0.0171915 -0.0023793 0.0108563 -0.0172247 0.0085949 
0.0102505 0.0380478 0.0116974 0.0014092 0.0010476 0.0419980 -0.0047360 -0.0020539 -0.0130939 0.0072178 0.0069574 0.0067778 -0.0011813 0.0135512 0.0427582 0.0087231 0.0038645 0.0018013 0.0165178 0.0247938 0.0041661 0.0323120 0.0008615 0.0124967 0.0211871 -0.0037392 0.0149965 0.0266139 0.0063477 0.0022075 0.0085361 -0.0032014 0.0042344 0.0350680 0.0008989 -0.0021560 0.0308914 
0.0251429 0.0118671 -0.0000603 0.0145159 -0.0284932 0.0283965 0.0040369 0.0026176 0.0236894 0.0149802 -0.0069103 0.0255199 -0.0035387 0.0125633 -0.0016535 0.0044488 0.0113215 -0.0261446 -0.0041684 -0.0002302 0.0024842 0.0136665 0.0364575 0.0062021 -0.0215102 0.0242247 0.0113824 -0.0117439 -0.0529081 0.0019010 0.0029563 0.0111682 -0.0051823 0.0279299 0.0007849 0.0139298 0.0097380 
0.0063637 0.0027820 0.0204329 0.0023762 0.0183586 -0.0254356 0.0062956 0.0115274 -0.0044035 0.0006873 0.0041118 0.0021341 0.0052419 0.0384762 0.0020564 0.0027129 -0.0159674 0.0058339 -0.0113079 0.0042625 0.0296065 0.0197620 0.0058678 0.0017045 0.0165860 0.0301558 0.0231969 0.0070215 0.0151942 -0.0187865 -0.0123427 0.0273332 0.0030089 -0.0090387 0.0270658 0.0023999 0.0413859 
0.0004831 0.0013211 0.0069779 0.0169141 -0.0009761 0.0013134 0.0010677 0.0288817 0.0019465 -0.0197068 0.0000234 0.0030939 0.0460529 0.0173634 -0.0008067 0.0077680 -0.0093458 -0.0019601 0.0210166 -0.0017823 0.0058619 0.0068503 0.0162616 -0.0194760 -0.0352374 -0.0000111 0.0030627 0.0398769 0.0157890 0.0213885 0.0493842 -0.0097140 0.0277775 -0.0012538 0.0041430 0.0025837 0.0022089 
0.0026017 -0.0239266 0.0161255 0.0149672 0.0153883 0.0409324 0.0182560 0.0265176 0.0008094 0.0070784 -0.0106862 -0.0169273 0.0133704 0.0208523 0.0037823 0.0143737 0.0182150 0.0044643 -0.0476847 -0.0105737 0.0050637 0.0098511 -0.0092812 0.0123889 -0.0281589 0.0004053 0.0165410 0.0138567 -0.0028038 0.0066761 0.0085221 -0.0016358 0.0053954 -0.0145321 0.0178705 0.0035443 -0.0042889 
0.0185469 0.0000063 0.0082077 0.0006349 0.0010709 0.0137860 0.0311653 0.0000083 0.0080123 0.0068960 0.0151174 0.0149522 0.0075083 0.0092551 -0.0040154 0.0033270 0.0094503 -0.0049297 0.0165094 0.0098633 0.0037377 0.0035649 0.0388638 -0.0049383 0.0121774 0.0462934 -0.0014076 0.0229583 -0.0127409 0.0083862 0.0045156 0.0122405 0.0096511 0.0278306 0.0003153 0.0177016 -0.0093887 
0.0013221 0.0175108 0.0036052 0.0055235 -0.0068614 0.0281401 0.0112871 -0.0024782 -0.0195204 0.0045267 0.0340587 -0.0157809 -0.0035255 0.0212511 0.0216145 0.0026543 0.0090506 0.0012334 0.0104117 0.0229216 -0.0038123 0.0092948 -0.0042577 0.0122935 0.0093223 0.0082761 -0.0355962 0.0173500 0.0057338 0.0076614 0.0189776 0.0312763 0.0256042 0.0275394 0.0073980 0.0128909 -0.0291716 
0.0009310 0.0221239 0.0053515 0.0348774 0.0048594 -0.0111188 0.0101389 -0.0397827 0.0234357 0.0031684 -0.0077068 0.0019681 0.0105865 0.0324150 0.0138496 0.0104285 0.0174329 0.0122766 -0.0092444 0.0250572 0.0321601 0.0275260 0.0072722 0.0024616 0.0354305 0.0240297 -0.0052690 -0.0058607 0.0026224 0.0287754 0.0010962 0.0320494 0.0106958 -0.0074228 0.0291759 0.0078683 0.0003370 
0.0077982 0.0080174 0.0116319 0.0146098 0.0052678 -0.0418055 0.0296037 0.0215975 -0.0114746 -0.0283401 0.0120153 0.0033339 0.0000000 0.0389240 -0.0290343 0.0281898 0.0014531 0.0168939 0.0494369 0.0021164 0.0047069 0.0062561 0.0318612 0.0324736 0.0061713 -0.0211034 -0.0061750 -0.0002878 0.0016528 -0.0120239 -0.0061273 0.0005166 0.0029720 0.0346499 0.0022873 0.0052061 0.0161320 
-0.0290709 0.0157331 0.0231743 0.0299620 0.0223219 0.0345603 -0.0165598 0.0265303 -0.0086489 0.0113015 -0.0165083 -0.0203806 0.0025424 -0.0046233 0.0097273 0.0287641 0.0360235 0.0062405 0.0077299 0.0190479 -0.0221896 0.0131781 -0.0016599 -0.0039244 0.0111635 0.0109371 0.0138267 -0.0001662 0.0102968 -0.0065003 0.0060157 -0.0005384 -0.0180263 0.0044435 -0.0013339 0.0145618 0.0130135 
-0.0367866 0.0092821 0.0057279 -0.0358790 0.0188788 0.0026563 0.0118062 0.0094998 0.0035896 0.0091640 0.0064994 0.0018223 0.0091307 0.0226829 -0.0228384 0.0393861 0.0030230 0.0095607 0.0239641 0.0012230 0.0028757 0.0037221 -0.0030272 0.0037217 0.0124868 -0.0244863 -0.0185499 0.0306479 0.0271315 0.0117845 0.0023653 0.0269989 -0.0275514 0.0024093 0.0318688 0.0390971 -0.0145063 
0.0365060 0.0311525 0.0080507 0.0050390 0.0161073 0.0175570 -0.0095848 0.0174835 0.0134532 0.0164022 -0.0003200 0.0207381 0.0006172 -0.0138461 0.0462373 0.0087236 0.0053038 0.0137360 -0.0460959 0.0007417 0.0146612 0.0019933 -0.0037119 0.0137451 -0.0098453 0.0117571 0.0173064 0.0135178 0.0181981 0.0100047 0.0134994 -0.0428681 0.0078492 0.0006706 0.0188349 -0.0001412 0.0062007 
0.0105432 -0.0238793 0.0055701 0.0124420 0.0035262 0.0079986 0.0036626 0.0093018 0.0008100 0.0270810 0.0057428 0.0232329 0.0232349 0.0150209 0.0031737 0.0088564 0.0386866 0.0095349 0.0160574 0.0120450 -0.0312539 0.0093809 0.0019864 0.0311191 0.0209110 0.0027467 0.0009315 -0.0204725 -0.0196721 0.0013192 0.0020650 0.0317621 0.0037994 0.0208065 -0.0010797 -0.0213664 0.0161429 
0.0301284 0.0295002 0.0144975 0.0016059 0.0212287 0.0165428 0.0013806 0.0123582 0.0101112 0.0067477 0.0393175 -0.0023450 0.0117634 0.0378633 0.0320159 0.0101731 -0.0014206 0.0039948 0.0104523 0.0022201 0.0044660 0.0215269 0.0058391 0.0064960 0.0050432 0.0030900 0.0030355 -0.0119056 0.0293988 0.0219537 0.0194385 0.0059325 0.0044108 -0.0030067 -0.0073189 -0.0205713 0.0085752 
0.0242888 -0.0320838 -0.0127323 -0.0231916 0.0082155 0.0032710 0.0040958 0.0042920 0.0054238 -0.0015212 0.0167934 0.0247509 -0.0075306 0.0133324 0.0229967 -0.0049586 -0.0034310 0.0210999 -0.0034499 0.0022465 -0.0301802 0.0223227 0.0020990 0.0447785 0.0022987 0.0220385 0.0023917 0.0430707 -0.0062980 -0.0037439 0.0085510 0.0003268 0.0133635 0.0065673 0.0037422 0.0197258 -0.0254946 
0.0064770 -0.0102612 -0.0044975 0.0044627 0.0159833 0.0105879 -0.0135548 0.0167580 0.0038931 0.0081673 0.0077660 0.0211484 0.0294040 -0.0047203 0.0292279 -0.0033689 -0.0173710 0.0073764 0.0076528 0.0262139 0.0011063 0.0193127 0.0246067 -0.0049453 0.0033940 -0.0362906 0.0251970 0.0123749 -0.0130727 0.0213351 -0.0012691 0.0119794 -0.0297370 0.0085344 0.0249592 0.0095353 -0.0155610 
0.0200578 0.0269289 0.0064352 0.0020773 0.0066698 0.0004015 0.0018367 -0.0329156 -0.0287486 0.0357264 0.0113518 -0.0242036 -0.0171275 0.0154736 0.0022560 0.0319962 0.0271663 -0.0289943 0.0192519 0.0237138 0.0191947 0.0096441 0.0307775 -0.0259898 0.0144165 0.0079699 0.0024271 0.0222665 0.0020146 -0.0141553 0.0054301 0.0126550 0.0009857 0.0138056 -0.0193892 0.0011528 -0.0204175 
0.0020948 0.0237334 0.0071552 0.0098037 0.0035710 -0.0313725 0.0016058 0.0087802 0.0027997 0.0060557 -0.0142106 -0.0356582 0.0201461 -0.0030170 0.0000164 0.0013674 0.0232416 -0.0021477 0.0285531 0.0170796 -0.0243794 -0.0431015 0.0214845 -0.0047234 -0.0000926 0.0112755 0.0090876 0.0010323 0.0429251 0.0182315 0.0334065 0.0051626 -0.0092743 0.0049648 -0.0252555 0.0112327 0.0022708 
0.0067717 -0.0243413 0.0160235 0.0091384 0.0025507 0.0144876 0.0044111 0.0204660 0.0441415 0.0138190 0.0159548 0.0129252 -0.0014175 0.0083645 0.0120468 0.0290986 -0.0331151 0.0225487 0.0088328 0.0438209 0.0168923 0.0361919 -0.0082614 0.0254389 0.0064959 0.0144811 0.0021578 0.0120630 -0.0010200 0.0078482 0.0298957 0.0039283 0.0058643 0.0093143 0.0018907 0.0033021 0.0047359 
0.0171014 0.0188305 0.0325702 -0.0016591 -0.0204176 0.0086135 -0.0069370 0.0148764 -0.0245912 0.0160907 0.0272013 0.0086447 0.0278409 0.0029677 0.0232933 0.0050913 0.0017966 0.0156043 0.0021733 0.0019618 -0.0087701 0.0292628 0.0164630 0.0005946 0.0187683 0.0299326 -0.0040589 0.0081403 -0.0051536 0.0009847 -0.0059820 0.0046453 0.0038814 0.0020620 0.0089654 0.0067349 0.0062890 
-0.0076337 -0.0316683 0.0154793 0.0053372 0.0006646 0.0048329 0.0004178 0.0101152 0.0011903 0.0291848 0.0000095 0.0307095 -0.0173169 -0.0093791 0.0060467 -0.0191633 0.0016829 0.0383503 0.0156660 0.0014357 -0.0365470 0.0080613 0.0253252 0.0161442 0.0127439 0.0202369 0.0049564 0.0224435 0.0484105 0.0044704 0.0044391 0.0064414 0.0033528 -0.0006422 0.0053310 -0.0091444 0.0186676 
-0.0250996 0.0320013 0.0028184 0.0130791 0.0270710 0.0058016 0.0262079 -0.0385029 -0.0094309 0.0134605 -0.0269462 0.0048635 0.0004191 0.0025699 0.0365665 0.0411127 0.0060077 0.0152568 0.0037959 0.0051415 0.0012967 -0.0142949 0.0146022 0.0059840 0.0028117 0.0141569 0.0165572 0.0033657 0.0035013 0.0036377 0.0044384 0.0008588 0.0131310 -0.0019638 0.0188031 0.0039050 0.0187939 
-0.0273911 0.0119992 -0.0010211 0.0262959 -0.0206702 0.0041055 0.0383483 0.0298160 0.0035325 0.0084904 0.0093634 0.0215850 -0.0017306 0.0052171 -0.0154761 0.0038307 0.0011323 0.0025497 0.0344128 0.0024652 -0.0161078 0.0182653 0.0238813 0.0000855 0.0374232 -0.0131232 0.0030824 0.0429022 0.0143363 -0.0072552 0.0173232 -0.0227461 0.0175224 0.0001696 0.0510132 0.0220080 0.0144385 
0.0283932 -0.0132139 -0.0073821 0.0161164 -0.0022850 -0.0009430 0.0024426 0.0060251 -0.0150572 0.0001327 0.0233226 0.0286234 -0.0020106 -0.0049109 -0.0002293 0.0046799 0.0185547 -0.0202875 -0.0486330 0.0048396 0.0162183 -0.0010332 0.0001843 -0.0029213 0.0020872 -0.0025827 -0.0233070 -0.0052820 0.0095029 0.0129086 0.0014296 -0.0034055 0.0023611 -0.0259697 0.0304861 -0.0151796 -0.0002323 
0.0082524 -0.0216159 0.0117777 0.0233753 0.0282820 -0.0161540 0.0019581 -0.0017643 0.0034648 0.0009050 0.0073866 -0.0076358 0.0233020 0.0121861 -0.0226035 0.0213419 0.0004712 -0.0001739 0.0161737 0.0345851 0.0306991 0.0018311 0.0340497 -0.0040364 0.0118428 0.0236782 0.0266457 0.0031168 0.0059686 0.0016237 0.0012895 0.0035786 0.0084297 0.0105809 0.0012621 -0.0464873 0.0113930 
0.0131614 0.0373645 0.0188234 -0.0040242 0.0021458 0.0092743 -0.0015365 0.0190747 -0.0031639 0.0058963 0.0067146 0.0017954 0.0257443 0.0087519 0.0009771 0.0089715 -0.0187301 0.0020939 -0.0153184 0.0026353 0.0203757 -0.0410572 0.0285892 -0.0084228 0.0101762 0.0026363 -0.0305846 0.0012798 0.0194518 -0.0102761 0.0021394 0.0261953 -0.0097662 -0.0024599 0.0151921 0.0054608 0.0292250 
0.0225784 0.0079853 0.0123435 -0.0225968 0.0024233 0.0243265 -0.0051325 0.0189376 -0.0086977 0.0298724 0.0125574 0.0042790 0.0084817 0.0206078 -0.0228388 -0.0232000 0.0249053 -0.0020774 -0.0104865 0.0025573 0.0104961 0.0111419 0.0026061 0.0200975 0.0096464 -0.0272469 0.0004560 0.0009565 -0.0214921 0.0129374 0.0151652 0.0066476 -0.0034705 0.0222362 -0.0050487 0.0078276 0.0038075 
-0.0055969 0.0054699 0.0185387 0.0272875 -0.0128960 0.0116024 0.0034742 -0.0004037 0.0149236 0.0061795 0.0156209 -0.0074615 0.0104592 -0.0373293 0.0147583 0.0115665 0.0043628 0.0025064 -0.0043253 -0.0292185 0.0091453 0.0092881 0.0038044 0.0025516 0.0102634 0.0010471 0.0046600 -0.0032188 0.0150512 0.0055034 0.0228124 0.0336731 0.0146941 0.0100999 -0.0281816 0.0194685 0.0020869 

5.6358158 0.3880608 1.1026857 -1.0663673 -0.4856298 1.9645900 8.8976019 4.5000213 7.9264368 -1.7239152 2.5053765 6.2876902 -0.9092968 3.5128338 1.7407808 -0.9602712 5.5114104 7.4827958 5.9163112 4.6678095 -1.0853421 0.0303308 1.0856296 6.3152077 1.2661830 2.2298663 4.9698657 7.9726303 0.1445613 4.7135903 1.2701263 1.4703998 9.3470641 6.3066115 3.0050714 6.7128212 8.4672679 